[89,133][118,226]	‹
[161,145][919,214]	我的收藏
[96,312][164,358]	全部
[250,312][318,358]	课程
[405,312][473,358]	章节
[559,312][627,358]	帖子
[714,312][782,358]	资讯
[868,312][936,358]	题目
[121,486][167,548]	课
[245,462][330,512]	课程
[347,460][863,514]	场（厂）内机动车辆基础
[245,531][863,573]	2026-09-17
[916,496][978,538]	移除
[121,725][167,787]	题
[245,701][330,750]	题目
[347,672][863,779]	叉车作业时可以载人行驶、站在货叉上作业。
[245,796][863,838]	2026-09-17
[916,734][978,776]	移除
[121,963][167,1025]	帖
[245,939][330,989]	帖子
[347,937][863,991]	测试markdown渲染
[245,1008][863,1050]	2026-09-13
[916,973][978,1015]	移除
[121,1176][167,1238]	帖
[245,1152][330,1202]	帖子
[347,1150][863,1204]	这是一个问题
[245,1221][863,1263]	2026-09-11
[916,1186][978,1228]	移除
