‹	[89,133][118,226]
我的已购	[161,145][919,214]
&#128218;	[96,342][160,411]
内燃叉车动力装置（内燃机）	[214,320][964,374]
14%	[899,391][964,433]
›	[987,338][1011,415]
&#128218;	[96,549][160,618]
场（厂）内机动车辆基础	[214,527][964,581]
100%	[878,598][964,640]
›	[987,545][1011,622]
&#128218;	[96,756][160,825]
叉车基础知识概述	[214,734][964,788]
0%	[915,805][964,847]
›	[987,752][1011,829]
&#128218;	[96,964][160,1033]
货叉操作技能训练	[214,942][964,996]
0%	[915,1013][964,1055]
›	[987,960][1011,1037]
&#128218;	[96,1171][160,1240]
故障诊断与排除进阶	[214,1149][964,1203]
0%	[915,1220][964,1262]
›	[987,1167][1011,1244]
&#128218;	[96,1378][160,1447]
叉车安全操作规范	[214,1356][964,1410]
0%	[915,1427][964,1469]
›	[987,1374][1011,1451]
