# uiautomator dump 摘录：「我的收藏」列表的可见文案 + bounds（点击坐标一律取 bounds 中心，不按截图目测）
# 设备 b32d8398 · 命令 adb -s b32d8398 exec-out uiautomator dump --compressed /dev/tty
# uvue 的文字在 a11y 树里是 content-desc（不是 text）—— ADR-0008「①a 取证手法补遗」第 6 条

‹                                              [89,133][118,226]
我的收藏                                           [161,145][919,214]
全部                                             [96,312][164,358]
课程                                             [250,312][318,358]
章节                                             [405,312][473,358]
帖子                                             [559,312][627,358]
资讯                                             [714,312][782,358]
题目                                             [868,312][936,358]
章                                              [121,486][167,548]
章节                                             [245,462][330,512]
第一章 叉车分类与型号                                    [347,460][863,514]
2026-09-18                                     [245,531][863,573]
移除                                             [916,496][978,538]
课                                              [121,725][167,787]
课程                                             [245,701][330,750]
内燃叉车动力装置（内燃机）                                  [347,672][863,779]
2026-09-18                                     [245,796][863,838]
移除                                             [916,734][978,776]
章                                              [121,963][167,1025]
章节                                             [245,939][330,989]
内燃机·总体构造与工作原理                                  [347,937][863,991]
2026-09-18                                     [245,1008][863,1050]
移除                                             [916,973][978,1015]
课                                              [121,1176][167,1238]
课程                                             [245,1152][330,1202]
叉车基础知识概述                                       [347,1150][863,1204]
2026-09-18                                     [245,1221][863,1263]
移除                                             [916,1186][978,1228]
课                                              [121,1389][167,1451]
课程                                             [245,1365][330,1415]
场（厂）内机动车辆基础                                    [347,1363][863,1417]
2026-09-17                                     [245,1434][863,1476]
移除                                             [916,1399][978,1441]
题                                              [121,1627][167,1689]
题目                                             [245,1603][330,1652]
叉车作业时可以载人行驶、站在货叉上作业。                           [347,1574][863,1681]
2026-09-17                                     [245,1698][863,1740]
移除                                             [916,1636][978,1678]
帖                                              [121,1865][167,1927]
帖子                                             [245,1841][330,1891]
测试markdown渲染                                   [347,1839][863,1893]
2026-09-13                                     [245,1910][863,1952]
移除                                             [916,1875][978,1917]
帖                                              [121,2078][167,2140]
帖子                                             [245,2054][330,2104]
这是一个问题                                         [347,2052][863,2106]
2026-09-11                                     [245,2123][863,2165]
移除                                             [916,2088][978,2130]
